unsigned char centermove[36][24] =  {                                           {0,1,2,3,4,5,6,7,8,9,10,11,12,13,14,15,16,17,18,19,20,21,22,23},
                                        {0,1,2,3,4,5,6,7,8,9,10,11,12,13,14,15,16,17,18,19,20,21,22,23},
                                        {0,1,2,3,4,5,6,7,8,9,10,11,12,13,14,15,16,17,18,19,20,21,22,23},
                                        {0,1,2,3,4,5,6,7,8,9,10,11,12,13,14,15,16,17,18,19,20,21,22,23},
                                        {0,1,2,3,4,5,6,7,8,9,10,11,12,13,14,15,16,17,18,19,20,21,22,23},
                                        {0,1,2,3,4,5,6,7,8,9,10,11,12,13,14,15,16,17,18,19,20,21,22,23},
                                        {0,1,2,3,4,5,6,7,8,9,10,11,12,13,14,15,16,17,18,19,20,21,22,23},
                                        {0,1,2,3,4,5,6,7,8,9,10,11,12,13,14,15,16,17,18,19,20,21,22,23},
                                        {0,1,2,3,4,5,6,7,8,9,10,11,12,13,14,15,16,17,18,19,20,21,22,23},
                                        {0,1,2,3,4,5,6,7,8,9,10,11,12,13,14,15,16,17,18,19,20,21,22,23},
                                        {0,1,2,3,4,5,6,7,8,9,10,11,12,13,14,15,16,17,18,19,20,21,22,23},
                                        {0,1,2,3,4,5,6,7,8,9,10,11,12,13,14,15,16,17,18,19,20,21,22,23},
                                        {0,1,2,3,4,5,6,7,8,9,10,11,12,13,14,15,16,17,18,19,20,21,22,23},
                                        {0,1,2,3,4,5,6,7,8,9,10,11,12,13,14,15,16,17,18,19,20,21,22,23},
                                        {0,1,2,3,4,5,6,7,8,9,10,11,12,13,14,15,16,17,18,19,20,21,22,23},
                                        {0,1,2,3,4,5,6,7,8,9,10,11,12,13,14,15,16,17,18,19,20,21,22,23},
                                        {0,1,2,3,4,5,6,7,8,9,10,11,12,13,14,15,16,17,18,19,20,21,22,23},
                                        {0,1,2,3,4,5,6,7,8,9,10,11,12,13,14,15,16,17,18,19,20,21,22,23},
                                        {0,1,2,3,4,5,6,7,8,9,10,11,12,13,14,15,16,17,18,19,20,21,22,23},
                                        {0,1,2,3,4,5,6,7,8,9,10,11,12,13,14,15,16,17,18,19,20,21,22,23},
                                        {0,1,2,3,4,5,6,7,8,9,10,11,12,13,14,15,16,17,18,19,20,21,22,23},
                                        {0,1,2,3,4,5,6,7,8,9,10,11,12,13,14,15,16,17,18,19,20,21,22,23},
                                        {0,1,2,3,4,5,6,7,8,9,10,11,12,13,14,15,16,17,18,19,20,21,22,23},
                                        {0,1,2,3,4,5,6,7,8,9,10,11,12,13,14,15,16,17,18,19,20,21,22,23},
                                        {0,1,2,3,4,5,6,7,8,9,10,11,12,13,14,15,16,17,18,19,20,21,22,23},
                                        {0,1,2,3,4,5,6,7,8,9,10,11,12,13,14,15,16,17,18,19,20,21,22,23},
                                        {0,1,2,3,4,5,6,7,8,9,10,11,12,13,14,15,16,17,18,19,20,21,22,23},
                                        {0,1,2,3,4,5,6,7,8,9,10,11,12,13,14,15,16,17,18,19,20,21,22,23},
                                        {0,1,2,3,4,5,6,7,8,9,10,11,12,13,14,15,16,17,18,19,20,21,22,23},
                                        {0,1,2,3,4,5,6,7,8,9,10,11,12,13,14,15,16,17,18,19,20,21,22,23},
                                        {0,1,2,3,4,5,6,7,8,9,10,11,12,13,14,15,16,17,18,19,20,21,22,23},
                                        {0,1,2,3,4,5,6,7,8,9,10,11,12,13,14,15,16,17,18,19,20,21,22,23},
                                        {0,1,2,3,4,5,6,7,8,9,10,11,12,13,14,15,16,17,18,19,20,21,22,23},
                                        {0,1,2,3,4,5,6,7,8,9,10,11,12,13,14,15,16,17,18,19,20,21,22,23},
                                        {0,1,2,3,4,5,6,7,8,9,10,11,12,13,14,15,16,17,18,19,20,21,22,23},
                                        {0,1,2,3,4,5,6,7,8,9,10,11,12,13,14,15,16,17,18,19,20,21,22,23}}
unsigned char cornermove[18][24] =  {                                           {0,1,2,3,4,5,6,7,8,9,10,11,12,13,14,15,16,17,18,19,20,21,22,23},
                                        {0,1,2,3,4,5,6,7,8,9,10,11,12,13,14,15,16,17,18,19,20,21,22,23},
                                        {0,1,2,3,4,5,6,7,8,9,10,11,12,13,14,15,16,17,18,19,20,21,22,23},
                                        {0,1,2,3,4,5,6,7,8,9,10,11,12,13,14,15,16,17,18,19,20,21,22,23},
                                        {0,1,2,3,4,5,6,7,8,9,10,11,12,13,14,15,16,17,18,19,20,21,22,23},
                                        {0,1,2,3,4,5,6,7,8,9,10,11,12,13,14,15,16,17,18,19,20,21,22,23},
                                        {0,1,2,3,4,5,6,7,8,9,10,11,12,13,14,15,16,17,18,19,20,21,22,23},
                                        {0,1,2,3,4,5,6,7,8,9,10,11,12,13,14,15,16,17,18,19,20,21,22,23},
                                        {0,1,2,3,4,5,6,7,8,9,10,11,12,13,14,15,16,17,18,19,20,21,22,23},
                                        {0,1,2,3,4,5,6,7,8,9,10,11,12,13,14,15,16,17,18,19,20,21,22,23},
                                        {0,1,2,3,4,5,6,7,8,9,10,11,12,13,14,15,16,17,18,19,20,21,22,23},
                                        {0,1,2,3,4,5,6,7,8,9,10,11,12,13,14,15,16,17,18,19,20,21,22,23},
                                        {0,1,2,3,4,5,6,7,8,9,10,11,12,13,14,15,16,17,18,19,20,21,22,23},
                                        {0,1,2,3,4,5,6,7,8,9,10,11,12,13,14,15,16,17,18,19,20,21,22,23},
                                        {0,1,2,3,4,5,6,7,8,9,10,11,12,13,14,15,16,17,18,19,20,21,22,23},
                                        {0,1,2,3,4,5,6,7,8,9,10,11,12,13,14,15,16,17,18,19,20,21,22,23},
                                        {0,1,2,3,4,5,6,7,8,9,10,11,12,13,14,15,16,17,18,19,20,21,22,23},
                                        {0,1,2,3,4,5,6,7,8,9,10,11,12,13,14,15,16,17,18,19,20,21,22,23}}
unsigned char edgemove[18][24] =  {                                           {22,23,21,3,4,5,6,7,8,2,0,1,10,9,11,15,16,17,18,19,20,13,12,14},
                                        {12,14,13,3,4,5,6,7,8,21,22,23,0,2,1,15,16,17,18,19,20,9,10,11},
                                        {10,11,9,3,4,5,6,7,8,13,12,14,22,21,23,15,16,17,18,19,20,2,0,1},
                                        {0,1,2,20,18,19,4,5,3,9,10,11,12,13,14,8,6,7,16,17,15,21,22,23},
                                        {0,1,2,15,16,17,18,19,20,9,10,11,12,13,14,3,4,5,6,7,8,21,22,23},
                                        {0,1,2,8,6,7,16,17,15,9,10,11,12,13,14,20,18,19,4,5,3,21,22,23},
                                        {5,3,4,19,20,18,6,7,8,9,10,11,12,13,14,15,16,17,23,21,22,1,2,0},
                                        {18,19,20,21,22,23,6,7,8,9,10,11,12,13,14,15,16,17,0,1,2,3,4,5},
                                        {23,21,22,1,2,0,6,7,8,9,10,11,12,13,14,15,16,17,5,3,4,19,20,18},
                                        {0,1,2,3,4,5,17,15,16,7,8,6,11,10,9,14,13,12,18,19,20,21,22,23},
                                        {0,1,2,3,4,5,12,14,13,15,16,17,6,8,7,9,10,11,18,19,20,21,22,23},
                                        {0,1,2,3,4,5,11,9,10,14,13,12,17,16,15,7,8,6,18,19,20,21,22,23},
                                        {9,10,11,0,1,2,3,4,5,6,7,8,12,13,14,15,16,17,18,19,20,21,22,23},
                                        {6,7,8,9,10,11,0,1,2,3,4,5,12,13,14,15,16,17,18,19,20,21,22,23},
                                        {3,4,5,6,7,8,9,10,11,0,1,2,12,13,14,15,16,17,18,19,20,21,22,23},
                                        {0,1,2,3,4,5,6,7,8,9,10,11,15,17,16,18,19,20,21,22,23,12,13,14},
                                        {0,1,2,3,4,5,6,7,8,9,10,11,18,20,19,21,22,23,12,13,14,15,17,16},
                                        {0,1,2,3,4,5,6,7,8,9,10,11,21,23,22,12,13,14,15,17,16,18,20,19}}
